(kicad_pcb (version 20171130) (host pcbnew "(5.1.8)-1")

  (general
    (thickness 1.6)
    (drawings 49)
    (tracks 1701)
    (zones 0)
    (modules 51)
    (nets 171)
  )

  (page USLetter)
  (title_block
    (title "General Purpose Register")
    (date 2020-12-25)
    (rev 1.3)
  )

  (layers
    (0 F.Cu signal)
    (31 B.Cu signal)
    (32 B.Adhes user)
    (33 F.Adhes user)
    (34 B.Paste user)
    (35 F.Paste user)
    (36 B.SilkS user)
    (37 F.SilkS user)
    (38 B.Mask user)
    (39 F.Mask user)
    (40 Dwgs.User user)
    (41 Cmts.User user)
    (42 Eco1.User user)
    (43 Eco2.User user)
    (44 Edge.Cuts user)
    (45 Margin user)
    (46 B.CrtYd user)
    (47 F.CrtYd user)
    (48 B.Fab user)
    (49 F.Fab user)
  )

  (setup
    (last_trace_width 0.5)
    (user_trace_width 0.25)
    (user_trace_width 0.4)
    (user_trace_width 0.5)
    (trace_clearance 0.2)
    (zone_clearance 0.508)
    (zone_45_only no)
    (trace_min 0.127)
    (via_size 0.8)
    (via_drill 0.4)
    (via_min_size 0.45)
    (via_min_drill 0.2)
    (user_via 0.8 0.4)
    (user_via 1.6 0.8)
    (uvia_size 0.3)
    (uvia_drill 0.1)
    (uvias_allowed no)
    (uvia_min_size 0.2)
    (uvia_min_drill 0.1)
    (edge_width 0.1)
    (segment_width 0.2)
    (pcb_text_width 0.3)
    (pcb_text_size 1.5 1.5)
    (mod_edge_width 0.153)
    (mod_text_size 0.8 0.8)
    (mod_text_width 0.153)
    (pad_size 1.524 1.524)
    (pad_drill 0.762)
    (pad_to_mask_clearance 0)
    (aux_axis_origin 0 0)
    (visible_elements 7FFFFFFF)
    (pcbplotparams
      (layerselection 0x3d0fc_ffffffff)
      (usegerberextensions false)
      (usegerberattributes false)
      (usegerberadvancedattributes false)
      (creategerberjobfile false)
      (excludeedgelayer true)
      (linewidth 0.100000)
      (plotframeref false)
      (viasonmask false)
      (mode 1)
      (useauxorigin false)
      (hpglpennumber 1)
      (hpglpenspeed 20)
      (hpglpendiameter 15.000000)
      (psnegative false)
      (psa4output false)
      (plotreference true)
      (plotvalue true)
      (plotinvisibletext false)
      (padsonsilk false)
      (subtractmaskfromsilk false)
      (outputformat 1)
      (mirror false)
      (drillshape 0)
      (scaleselection 1)
      (outputdirectory "production/"))
  )

  (net 0 "")
  (net 1 +5V)
  (net 2 GND)
  (net 3 "Net-(D0-Pad2)")
  (net 4 "Net-(D1-Pad2)")
  (net 5 "Net-(D2-Pad2)")
  (net 6 "Net-(D3-Pad2)")
  (net 7 "Net-(D4-Pad2)")
  (net 8 "Net-(D5-Pad2)")
  (net 9 "Net-(D6-Pad2)")
  (net 10 "Net-(D7-Pad2)")
  (net 11 "Net-(D8-Pad2)")
  (net 12 "Net-(D9-Pad2)")
  (net 13 "Net-(D10-Pad2)")
  (net 14 "Net-(D11-Pad2)")
  (net 15 "Net-(D12-Pad2)")
  (net 16 "Net-(D13-Pad2)")
  (net 17 "Net-(D14-Pad2)")
  (net 18 "Net-(D15-Pad2)")
  (net 19 "Net-(D19-Pad2)")
  (net 20 "Net-(J1-PadB1)")
  (net 21 "Net-(J1-PadB2)")
  (net 22 "Net-(J1-PadB3)")
  (net 23 "Net-(J1-PadB4)")
  (net 24 "Net-(J1-PadB5)")
  (net 25 "Net-(J1-PadB6)")
  (net 26 "Net-(J1-PadB7)")
  (net 27 "Net-(J1-PadB8)")
  (net 28 "Net-(J1-PadB9)")
  (net 29 "Net-(J1-PadB10)")
  (net 30 "Net-(J1-PadB11)")
  (net 31 "Net-(J1-PadB12)")
  (net 32 "Net-(J1-PadB13)")
  (net 33 "Net-(J1-PadB14)")
  (net 34 "Net-(J1-PadB15)")
  (net 35 "Net-(J1-PadB16)")
  (net 36 "Net-(J1-PadB17)")
  (net 37 "Net-(J1-PadB18)")
  (net 38 "Net-(J1-PadB19)")
  (net 39 "Net-(J1-PadB20)")
  (net 40 "Net-(J1-PadB21)")
  (net 41 "Net-(J1-PadB22)")
  (net 42 "Net-(J1-PadB23)")
  (net 43 "Net-(J1-PadB24)")
  (net 44 "Net-(J1-PadB25)")
  (net 45 "Net-(J1-PadB26)")
  (net 46 "Net-(J1-PadB27)")
  (net 47 "Net-(J1-PadB28)")
  (net 48 "Net-(J1-PadB29)")
  (net 49 "Net-(J1-PadB30)")
  (net 50 "Net-(J1-PadB31)")
  (net 51 "Net-(J1-PadB32)")
  (net 52 "Net-(J1-PadB33)")
  (net 53 /d_bus_00)
  (net 54 /d_bus_01)
  (net 55 /d_bus_02)
  (net 56 /d_bus_03)
  (net 57 /d_bus_04)
  (net 58 /d_bus_05)
  (net 59 /d_bus_06)
  (net 60 /d_bus_07)
  (net 61 /d_bus_08)
  (net 62 /d_bus_09)
  (net 63 /d_bus_10)
  (net 64 /d_bus_11)
  (net 65 /d_bus_12)
  (net 66 /d_bus_13)
  (net 67 /d_bus_14)
  (net 68 /d_bus_15)
  (net 69 "Net-(J1-PadB54)")
  (net 70 "Net-(J1-PadB55)")
  (net 71 "Net-(J1-PadB56)")
  (net 72 /~DBG)
  (net 73 "Net-(J1-PadB58)")
  (net 74 "Net-(J1-PadB59)")
  (net 75 "Net-(J1-PadB60)")
  (net 76 "Net-(J1-PadA1)")
  (net 77 "Net-(J1-PadA2)")
  (net 78 "Net-(J1-PadA3)")
  (net 79 "Net-(J1-PadA4)")
  (net 80 "Net-(J1-PadA5)")
  (net 81 "Net-(J1-PadA6)")
  (net 82 "Net-(J1-PadA7)")
  (net 83 "Net-(J1-PadA8)")
  (net 84 "Net-(J1-PadA9)")
  (net 85 "Net-(J1-PadA10)")
  (net 86 "Net-(J1-PadA11)")
  (net 87 "Net-(J1-PadA12)")
  (net 88 "Net-(J1-PadA13)")
  (net 89 "Net-(J1-PadA14)")
  (net 90 "Net-(J1-PadA15)")
  (net 91 "Net-(J1-PadA16)")
  (net 92 "Net-(J1-PadA17)")
  (net 93 /y_bus_15)
  (net 94 /y_bus_14)
  (net 95 /y_bus_13)
  (net 96 /y_bus_12)
  (net 97 /y_bus_11)
  (net 98 /y_bus_10)
  (net 99 /y_bus_09)
  (net 100 /y_bus_08)
  (net 101 /y_bus_07)
  (net 102 /y_bus_06)
  (net 103 /y_bus_05)
  (net 104 /y_bus_04)
  (net 105 /y_bus_03)
  (net 106 /y_bus_02)
  (net 107 /y_bus_01)
  (net 108 /y_bus_00)
  (net 109 /x_bus_00)
  (net 110 /x_bus_01)
  (net 111 /x_bus_02)
  (net 112 /x_bus_03)
  (net 113 /x_bus_04)
  (net 114 /x_bus_05)
  (net 115 /x_bus_06)
  (net 116 /x_bus_07)
  (net 117 /x_bus_08)
  (net 118 /x_bus_09)
  (net 119 /x_bus_10)
  (net 120 /x_bus_11)
  (net 121 /x_bus_12)
  (net 122 /x_bus_13)
  (net 123 /x_bus_14)
  (net 124 /x_bus_15)
  (net 125 "Net-(J1-PadA54)")
  (net 126 "Net-(J1-PadA55)")
  (net 127 "Net-(J1-PadA56)")
  (net 128 /d_bus_read)
  (net 129 "Net-(R16-Pad1)")
  (net 130 "Net-(R17-Pad1)")
  (net 131 "Net-(R18-Pad1)")
  (net 132 "Net-(R19-Pad1)")
  (net 133 /display_14)
  (net 134 /display_12)
  (net 135 /display_13)
  (net 136 /display_11)
  (net 137 /display_10)
  (net 138 /display_09)
  (net 139 /display_15)
  (net 140 /display_08)
  (net 141 /display_00)
  (net 142 /display_07)
  (net 143 /display_01)
  (net 144 /display_02)
  (net 145 /display_03)
  (net 146 /display_05)
  (net 147 /display_04)
  (net 148 /display_06)
  (net 149 /reg_07)
  (net 150 /reg_06)
  (net 151 /reg_05)
  (net 152 /reg_04)
  (net 153 /reg_03)
  (net 154 /reg_02)
  (net 155 /reg_01)
  (net 156 /reg_00)
  (net 157 /reg_08)
  (net 158 /reg_09)
  (net 159 /reg_10)
  (net 160 /reg_11)
  (net 161 /reg_12)
  (net 162 /reg_13)
  (net 163 /reg_14)
  (net 164 /~d_bus_write)
  (net 165 /~x_bus_write)
  (net 166 /~y_bus_write)
  (net 167 /reg_15)
  (net 168 "Net-(D16-Pad1)")
  (net 169 "Net-(D17-Pad1)")
  (net 170 "Net-(D18-Pad1)")

  (net_class Default "This is the default net class."
    (clearance 0.2)
    (trace_width 0.25)
    (via_dia 0.8)
    (via_drill 0.4)
    (uvia_dia 0.3)
    (uvia_drill 0.1)
    (add_net +5V)
    (add_net /d_bus_00)
    (add_net /d_bus_01)
    (add_net /d_bus_02)
    (add_net /d_bus_03)
    (add_net /d_bus_04)
    (add_net /d_bus_05)
    (add_net /d_bus_06)
    (add_net /d_bus_07)
    (add_net /d_bus_08)
    (add_net /d_bus_09)
    (add_net /d_bus_10)
    (add_net /d_bus_11)
    (add_net /d_bus_12)
    (add_net /d_bus_13)
    (add_net /d_bus_14)
    (add_net /d_bus_15)
    (add_net /d_bus_read)
    (add_net /display_00)
    (add_net /display_01)
    (add_net /display_02)
    (add_net /display_03)
    (add_net /display_04)
    (add_net /display_05)
    (add_net /display_06)
    (add_net /display_07)
    (add_net /display_08)
    (add_net /display_09)
    (add_net /display_10)
    (add_net /display_11)
    (add_net /display_12)
    (add_net /display_13)
    (add_net /display_14)
    (add_net /display_15)
    (add_net /reg_00)
    (add_net /reg_01)
    (add_net /reg_02)
    (add_net /reg_03)
    (add_net /reg_04)
    (add_net /reg_05)
    (add_net /reg_06)
    (add_net /reg_07)
    (add_net /reg_08)
    (add_net /reg_09)
    (add_net /reg_10)
    (add_net /reg_11)
    (add_net /reg_12)
    (add_net /reg_13)
    (add_net /reg_14)
    (add_net /reg_15)
    (add_net /x_bus_00)
    (add_net /x_bus_01)
    (add_net /x_bus_02)
    (add_net /x_bus_03)
    (add_net /x_bus_04)
    (add_net /x_bus_05)
    (add_net /x_bus_06)
    (add_net /x_bus_07)
    (add_net /x_bus_08)
    (add_net /x_bus_09)
    (add_net /x_bus_10)
    (add_net /x_bus_11)
    (add_net /x_bus_12)
    (add_net /x_bus_13)
    (add_net /x_bus_14)
    (add_net /x_bus_15)
    (add_net /y_bus_00)
    (add_net /y_bus_01)
    (add_net /y_bus_02)
    (add_net /y_bus_03)
    (add_net /y_bus_04)
    (add_net /y_bus_05)
    (add_net /y_bus_06)
    (add_net /y_bus_07)
    (add_net /y_bus_08)
    (add_net /y_bus_09)
    (add_net /y_bus_10)
    (add_net /y_bus_11)
    (add_net /y_bus_12)
    (add_net /y_bus_13)
    (add_net /y_bus_14)
    (add_net /y_bus_15)
    (add_net /~DBG)
    (add_net /~d_bus_write)
    (add_net /~x_bus_write)
    (add_net /~y_bus_write)
    (add_net GND)
    (add_net "Net-(D0-Pad2)")
    (add_net "Net-(D1-Pad2)")
    (add_net "Net-(D10-Pad2)")
    (add_net "Net-(D11-Pad2)")
    (add_net "Net-(D12-Pad2)")
    (add_net "Net-(D13-Pad2)")
    (add_net "Net-(D14-Pad2)")
    (add_net "Net-(D15-Pad2)")
    (add_net "Net-(D16-Pad1)")
    (add_net "Net-(D17-Pad1)")
    (add_net "Net-(D18-Pad1)")
    (add_net "Net-(D19-Pad2)")
    (add_net "Net-(D2-Pad2)")
    (add_net "Net-(D3-Pad2)")
    (add_net "Net-(D4-Pad2)")
    (add_net "Net-(D5-Pad2)")
    (add_net "Net-(D6-Pad2)")
    (add_net "Net-(D7-Pad2)")
    (add_net "Net-(D8-Pad2)")
    (add_net "Net-(D9-Pad2)")
    (add_net "Net-(J1-PadA1)")
    (add_net "Net-(J1-PadA10)")
    (add_net "Net-(J1-PadA11)")
    (add_net "Net-(J1-PadA12)")
    (add_net "Net-(J1-PadA13)")
    (add_net "Net-(J1-PadA14)")
    (add_net "Net-(J1-PadA15)")
    (add_net "Net-(J1-PadA16)")
    (add_net "Net-(J1-PadA17)")
    (add_net "Net-(J1-PadA2)")
    (add_net "Net-(J1-PadA3)")
    (add_net "Net-(J1-PadA4)")
    (add_net "Net-(J1-PadA5)")
    (add_net "Net-(J1-PadA54)")
    (add_net "Net-(J1-PadA55)")
    (add_net "Net-(J1-PadA56)")
    (add_net "Net-(J1-PadA6)")
    (add_net "Net-(J1-PadA7)")
    (add_net "Net-(J1-PadA8)")
    (add_net "Net-(J1-PadA9)")
    (add_net "Net-(J1-PadB1)")
    (add_net "Net-(J1-PadB10)")
    (add_net "Net-(J1-PadB11)")
    (add_net "Net-(J1-PadB12)")
    (add_net "Net-(J1-PadB13)")
    (add_net "Net-(J1-PadB14)")
    (add_net "Net-(J1-PadB15)")
    (add_net "Net-(J1-PadB16)")
    (add_net "Net-(J1-PadB17)")
    (add_net "Net-(J1-PadB18)")
    (add_net "Net-(J1-PadB19)")
    (add_net "Net-(J1-PadB2)")
    (add_net "Net-(J1-PadB20)")
    (add_net "Net-(J1-PadB21)")
    (add_net "Net-(J1-PadB22)")
    (add_net "Net-(J1-PadB23)")
    (add_net "Net-(J1-PadB24)")
    (add_net "Net-(J1-PadB25)")
    (add_net "Net-(J1-PadB26)")
    (add_net "Net-(J1-PadB27)")
    (add_net "Net-(J1-PadB28)")
    (add_net "Net-(J1-PadB29)")
    (add_net "Net-(J1-PadB3)")
    (add_net "Net-(J1-PadB30)")
    (add_net "Net-(J1-PadB31)")
    (add_net "Net-(J1-PadB32)")
    (add_net "Net-(J1-PadB33)")
    (add_net "Net-(J1-PadB4)")
    (add_net "Net-(J1-PadB5)")
    (add_net "Net-(J1-PadB54)")
    (add_net "Net-(J1-PadB55)")
    (add_net "Net-(J1-PadB56)")
    (add_net "Net-(J1-PadB58)")
    (add_net "Net-(J1-PadB59)")
    (add_net "Net-(J1-PadB6)")
    (add_net "Net-(J1-PadB60)")
    (add_net "Net-(J1-PadB7)")
    (add_net "Net-(J1-PadB8)")
    (add_net "Net-(J1-PadB9)")
    (add_net "Net-(R16-Pad1)")
    (add_net "Net-(R17-Pad1)")
    (add_net "Net-(R18-Pad1)")
    (add_net "Net-(R19-Pad1)")
  )

  (net_class Power ""
    (clearance 0.2)
    (trace_width 0.5)
    (via_dia 1.6)
    (via_drill 0.8)
    (uvia_dia 0.3)
    (uvia_drill 0.1)
  )

  (module Resistor_SMD:R_Array_Convex_8x0602 (layer F.Cu) (tedit 58E0A8FC) (tstamp 60023AB3)
    (at 100.25 70.02)
    (descr "Chip Resistor Network, ROHM MNR18 (see mnr_g.pdf)")
    (tags "resistor array")
    (path /6181F73B)
    (attr smd)
    (fp_text reference RN1 (at 0 -3) (layer F.SilkS)
      (effects (font (size 1 1) (thickness 0.15)))
    )
    (fp_text value 220R (at 0 -0.02 90) (layer F.SilkS)
      (effects (font (size 0.65 0.65) (thickness 0.13)))
    )
    (fp_line (start 1.55 2.25) (end -1.55 2.25) (layer F.CrtYd) (width 0.05))
    (fp_line (start 1.55 2.25) (end 1.55 -2.25) (layer F.CrtYd) (width 0.05))
    (fp_line (start -1.55 -2.25) (end -1.55 2.25) (layer F.CrtYd) (width 0.05))
    (fp_line (start -1.55 -2.25) (end 1.55 -2.25) (layer F.CrtYd) (width 0.05))
    (fp_line (start 0.5 -2.12) (end -0.5 -2.12) (layer F.SilkS) (width 0.12))
    (fp_line (start 0.5 2.12) (end -0.5 2.12) (layer F.SilkS) (width 0.12))
    (fp_line (start 0.8 -2) (end -0.8 -2) (layer F.Fab) (width 0.1))
    (fp_line (start 0.8 2) (end 0.8 -2) (layer F.Fab) (width 0.1))
    (fp_line (start -0.8 2) (end 0.8 2) (layer F.Fab) (width 0.1))
    (fp_line (start -0.8 -2) (end -0.8 2) (layer F.Fab) (width 0.1))
    (fp_text user %R (at 0.25 2.98 180) (layer F.Fab)
      (effects (font (size 1 1) (thickness 0.15)))
    )
    (pad 10 smd rect (at 0.9 1.25) (size 0.8 0.3) (layers F.Cu F.Paste F.Mask)
      (net 133 /display_14))
    (pad 12 smd rect (at 0.9 0.25) (size 0.8 0.3) (layers F.Cu F.Paste F.Mask)
      (net 134 /display_12))
    (pad 11 smd rect (at 0.9 0.75) (size 0.8 0.3) (layers F.Cu F.Paste F.Mask)
      (net 135 /display_13))
    (pad 13 smd rect (at 0.9 -0.25) (size 0.8 0.3) (layers F.Cu F.Paste F.Mask)
      (net 136 /display_11))
    (pad 14 smd rect (at 0.9 -0.75) (size 0.8 0.3) (layers F.Cu F.Paste F.Mask)
      (net 137 /display_10))
    (pad 15 smd rect (at 0.9 -1.25) (size 0.8 0.3) (layers F.Cu F.Paste F.Mask)
      (net 138 /display_09))
    (pad 7 smd rect (at -0.9 1.25) (size 0.8 0.3) (layers F.Cu F.Paste F.Mask)
      (net 17 "Net-(D14-Pad2)"))
    (pad 6 smd rect (at -0.9 0.75) (size 0.8 0.3) (layers F.Cu F.Paste F.Mask)
      (net 16 "Net-(D13-Pad2)"))
    (pad 5 smd rect (at -0.9 0.25) (size 0.8 0.3) (layers F.Cu F.Paste F.Mask)
      (net 15 "Net-(D12-Pad2)"))
    (pad 4 smd rect (at -0.9 -0.25) (size 0.8 0.3) (layers F.Cu F.Paste F.Mask)
      (net 14 "Net-(D11-Pad2)"))
    (pad 3 smd rect (at -0.9 -0.75) (size 0.8 0.3) (layers F.Cu F.Paste F.Mask)
      (net 13 "Net-(D10-Pad2)"))
    (pad 2 smd rect (at -0.9 -1.25) (size 0.8 0.3) (layers F.Cu F.Paste F.Mask)
      (net 12 "Net-(D9-Pad2)"))
    (pad 9 smd rect (at 0.9 1.75) (size 0.8 0.3) (layers F.Cu F.Paste F.Mask)
      (net 139 /display_15))
    (pad 8 smd rect (at -0.9 1.75) (size 0.8 0.3) (layers F.Cu F.Paste F.Mask)
      (net 18 "Net-(D15-Pad2)"))
    (pad 16 smd rect (at 0.9 -1.75) (size 0.8 0.3) (layers F.Cu F.Paste F.Mask)
      (net 140 /display_08))
    (pad 1 smd rect (at -0.9 -1.75) (size 0.8 0.3) (layers F.Cu F.Paste F.Mask)
      (net 11 "Net-(D8-Pad2)"))
    (model ${KISYS3DMOD}/Resistor_SMD.3dshapes/R_Array_Convex_8x0602.wrl
      (at (xyz 0 0 0))
      (scale (xyz 1 1 1))
      (rotate (xyz 0 0 0))
    )
  )

  (module Package_SO:SOIC-20W_7.5x12.8mm_P1.27mm (layer F.Cu) (tedit 5D9F72B1) (tstamp 5FC237AB)
    (at 98.8 109.6)
    (descr "SOIC, 20 Pin (JEDEC MS-013AC, https://www.analog.com/media/en/package-pcb-resources/package/233848rw_20.pdf), generated with kicad-footprint-generator ipc_gullwing_generator.py")
    (tags "SOIC SO")
    (path /5FDCC68D)
    (attr smd)
    (fp_text reference U7 (at 0 -7.35) (layer F.SilkS)
      (effects (font (size 1 1) (thickness 0.15)))
    )
    (fp_text value 74HCT245 (at 0 -0.1 90) (layer F.SilkS)
      (effects (font (size 1 1) (thickness 0.15)))
    )
    (fp_line (start 5.93 -6.65) (end -5.93 -6.65) (layer F.CrtYd) (width 0.05))
    (fp_line (start 5.93 6.65) (end 5.93 -6.65) (layer F.CrtYd) (width 0.05))
    (fp_line (start -5.93 6.65) (end 5.93 6.65) (layer F.CrtYd) (width 0.05))
    (fp_line (start -5.93 -6.65) (end -5.93 6.65) (layer F.CrtYd) (width 0.05))
    (fp_line (start -3.75 -5.4) (end -2.75 -6.4) (layer F.Fab) (width 0.1))
    (fp_line (start -3.75 6.4) (end -3.75 -5.4) (layer F.Fab) (width 0.1))
    (fp_line (start 3.75 6.4) (end -3.75 6.4) (layer F.Fab) (width 0.1))
    (fp_line (start 3.75 -6.4) (end 3.75 6.4) (layer F.Fab) (width 0.1))
    (fp_line (start -2.75 -6.4) (end 3.75 -6.4) (layer F.Fab) (width 0.1))
    (fp_line (start -3.86 -6.275) (end -5.675 -6.275) (layer F.SilkS) (width 0.12))
    (fp_line (start -3.86 -6.51) (end -3.86 -6.275) (layer F.SilkS) (width 0.12))
    (fp_line (start 0 -6.51) (end -3.86 -6.51) (layer F.SilkS) (width 0.12))
    (fp_line (start 3.86 -6.51) (end 3.86 -6.275) (layer F.SilkS) (width 0.12))
    (fp_line (start 0 -6.51) (end 3.86 -6.51) (layer F.SilkS) (width 0.12))
    (fp_line (start -3.86 6.51) (end -3.86 6.275) (layer F.SilkS) (width 0.12))
    (fp_line (start 0 6.51) (end -3.86 6.51) (layer F.SilkS) (width 0.12))
    (fp_line (start 3.86 6.51) (end 3.86 6.275) (layer F.SilkS) (width 0.12))
    (fp_line (start 0 6.51) (end 3.86 6.51) (layer F.SilkS) (width 0.12))
    (fp_text user %R (at 0 5.4) (layer F.Fab)
      (effects (font (size 1 1) (thickness 0.15)))
    )
    (pad 20 smd roundrect (at 4.65 -5.715) (size 2.05 0.6) (layers F.Cu F.Paste F.Mask) (roundrect_rratio 0.25)
      (net 1 +5V))
    (pad 19 smd roundrect (at 4.65 -4.445) (size 2.05 0.6) (layers F.Cu F.Paste F.Mask) (roundrect_rratio 0.25)
      (net 166 /~y_bus_write))
    (pad 18 smd roundrect (at 4.65 -3.175) (size 2.05 0.6) (layers F.Cu F.Paste F.Mask) (roundrect_rratio 0.25)
      (net 157 /reg_08))
    (pad 17 smd roundrect (at 4.65 -1.905) (size 2.05 0.6) (layers F.Cu F.Paste F.Mask) (roundrect_rratio 0.25)
      (net 158 /reg_09))
    (pad 16 smd roundrect (at 4.65 -0.635) (size 2.05 0.6) (layers F.Cu F.Paste F.Mask) (roundrect_rratio 0.25)
      (net 159 /reg_10))
    (pad 15 smd roundrect (at 4.65 0.635) (size 2.05 0.6) (layers F.Cu F.Paste F.Mask) (roundrect_rratio 0.25)
      (net 160 /reg_11))
    (pad 14 smd roundrect (at 4.65 1.905) (size 2.05 0.6) (layers F.Cu F.Paste F.Mask) (roundrect_rratio 0.25)
      (net 161 /reg_12))
    (pad 13 smd roundrect (at 4.65 3.175) (size 2.05 0.6) (layers F.Cu F.Paste F.Mask) (roundrect_rratio 0.25)
      (net 162 /reg_13))
    (pad 12 smd roundrect (at 4.65 4.445) (size 2.05 0.6) (layers F.Cu F.Paste F.Mask) (roundrect_rratio 0.25)
      (net 163 /reg_14))
    (pad 11 smd roundrect (at 4.65 5.715) (size 2.05 0.6) (layers F.Cu F.Paste F.Mask) (roundrect_rratio 0.25)
      (net 167 /reg_15))
    (pad 10 smd roundrect (at -4.65 5.715) (size 2.05 0.6) (layers F.Cu F.Paste F.Mask) (roundrect_rratio 0.25)
      (net 2 GND))
    (pad 9 smd roundrect (at -4.65 4.445) (size 2.05 0.6) (layers F.Cu F.Paste F.Mask) (roundrect_rratio 0.25)
      (net 93 /y_bus_15))
    (pad 8 smd roundrect (at -4.65 3.175) (size 2.05 0.6) (layers F.Cu F.Paste F.Mask) (roundrect_rratio 0.25)
      (net 94 /y_bus_14))
    (pad 7 smd roundrect (at -4.65 1.905) (size 2.05 0.6) (layers F.Cu F.Paste F.Mask) (roundrect_rratio 0.25)
      (net 95 /y_bus_13))
    (pad 6 smd roundrect (at -4.65 0.635) (size 2.05 0.6) (layers F.Cu F.Paste F.Mask) (roundrect_rratio 0.25)
      (net 96 /y_bus_12))
    (pad 5 smd roundrect (at -4.65 -0.635) (size 2.05 0.6) (layers F.Cu F.Paste F.Mask) (roundrect_rratio 0.25)
      (net 97 /y_bus_11))
    (pad 4 smd roundrect (at -4.65 -1.905) (size 2.05 0.6) (layers F.Cu F.Paste F.Mask) (roundrect_rratio 0.25)
      (net 98 /y_bus_10))
    (pad 3 smd roundrect (at -4.65 -3.175) (size 2.05 0.6) (layers F.Cu F.Paste F.Mask) (roundrect_rratio 0.25)
      (net 99 /y_bus_09))
    (pad 2 smd roundrect (at -4.65 -4.445) (size 2.05 0.6) (layers F.Cu F.Paste F.Mask) (roundrect_rratio 0.25)
      (net 100 /y_bus_08))
    (pad 1 smd roundrect (at -4.65 -5.715) (size 2.05 0.6) (layers F.Cu F.Paste F.Mask) (roundrect_rratio 0.25)
      (net 2 GND))
    (model ${KISYS3DMOD}/Package_SO.3dshapes/SOIC-20W_7.5x12.8mm_P1.27mm.wrl
      (at (xyz 0 0 0))
      (scale (xyz 1 1 1))
      (rotate (xyz 0 0 0))
    )
  )

  (module LED_SMD:LED_1206_3216Metric_Pad1.42x1.75mm_HandSolder (layer F.Cu) (tedit 5B4B45C9) (tstamp 5FC23811)
    (at 101.3 60.85 270)
    (descr "LED SMD 1206 (3216 Metric), square (rectangular) end terminal, IPC_7351 nominal, (Body size source: http://www.tortai-tech.com/upload/download/2011102023233369053.pdf), generated with kicad-footprint-generator")
    (tags "LED handsolder")
    (path /5EEEF324)
    (attr smd)
    (fp_text reference D13 (at 0 -1.9 90) (layer F.SilkS)
      (effects (font (size 1 1) (thickness 0.15)))
    )
    (fp_text value LED_RED (at 0 1.82 90) (layer F.Fab)
      (effects (font (size 1 1) (thickness 0.15)))
    )
    (fp_line (start 2.45 1.12) (end -2.45 1.12) (layer F.CrtYd) (width 0.05))
    (fp_line (start 2.45 -1.12) (end 2.45 1.12) (layer F.CrtYd) (width 0.05))
    (fp_line (start -2.45 -1.12) (end 2.45 -1.12) (layer F.CrtYd) (width 0.05))
    (fp_line (start -2.45 1.12) (end -2.45 -1.12) (layer F.CrtYd) (width 0.05))
    (fp_line (start -2.46 1.135) (end 1.6 1.135) (layer F.SilkS) (width 0.12))
    (fp_line (start -2.46 -1.135) (end -2.46 1.135) (layer F.SilkS) (width 0.12))
    (fp_line (start 1.6 -1.135) (end -2.46 -1.135) (layer F.SilkS) (width 0.12))
    (fp_line (start 1.6 0.8) (end 1.6 -0.8) (layer F.Fab) (width 0.1))
    (fp_line (start -1.6 0.8) (end 1.6 0.8) (layer F.Fab) (width 0.1))
    (fp_line (start -1.6 -0.4) (end -1.6 0.8) (layer F.Fab) (width 0.1))
    (fp_line (start -1.2 -0.8) (end -1.6 -0.4) (layer F.Fab) (width 0.1))
    (fp_line (start 1.6 -0.8) (end -1.2 -0.8) (layer F.Fab) (width 0.1))
    (fp_text user %R (at 0 0 90) (layer F.Fab)
      (effects (font (size 0.8 0.8) (thickness 0.12)))
    )
    (pad 2 smd roundrect (at 1.4875 0 270) (size 1.425 1.75) (layers F.Cu F.Paste F.Mask) (roundrect_rratio 0.1754385964912281)
      (net 16 "Net-(D13-Pad2)"))
    (pad 1 smd roundrect (at -1.4875 0 270) (size 1.425 1.75) (layers F.Cu F.Paste F.Mask) (roundrect_rratio 0.1754385964912281)
      (net 2 GND))
    (model ${KISYS3DMOD}/LED_SMD.3dshapes/LED_1206_3216Metric.wrl
      (at (xyz 0 0 0))
      (scale (xyz 1 1 1))
      (rotate (xyz 0 0 0))
    )
  )

  (module Capacitor_SMD:C_0603_1608Metric_Pad1.05x0.95mm_HandSolder (layer F.Cu) (tedit 5B301BBE) (tstamp 5FC23761)
    (at 188.525 84.8)
    (descr "Capacitor SMD 0603 (1608 Metric), square (rectangular) end terminal, IPC_7351 nominal with elongated pad for handsoldering. (Body size source: http://www.tortai-tech.com/upload/download/2011102023233369053.pdf), generated with kicad-footprint-generator")
    (tags "capacitor handsolder")
    (path /60FD42F5)
    (attr smd)
    (fp_text reference C1 (at 0 -1.43) (layer F.SilkS)
      (effects (font (size 1 1) (thickness 0.15)))
    )
    (fp_text value 0.1uF (at 0 1.43) (layer F.Fab)
      (effects (font (size 1 1) (thickness 0.15)))
    )
    (fp_line (start 1.65 0.73) (end -1.65 0.73) (layer F.CrtYd) (width 0.05))
    (fp_line (start 1.65 -0.73) (end 1.65 0.73) (layer F.CrtYd) (width 0.05))
    (fp_line (start -1.65 -0.73) (end 1.65 -0.73) (layer F.CrtYd) (width 0.05))
    (fp_line (start -1.65 0.73) (end -1.65 -0.73) (layer F.CrtYd) (width 0.05))
    (fp_line (start -0.171267 0.51) (end 0.171267 0.51) (layer F.SilkS) (width 0.12))
    (fp_line (start -0.171267 -0.51) (end 0.171267 -0.51) (layer F.SilkS) (width 0.12))
    (fp_line (start 0.8 0.4) (end -0.8 0.4) (layer F.Fab) (width 0.1))
    (fp_line (start 0.8 -0.4) (end 0.8 0.4) (layer F.Fab) (width 0.1))
    (fp_line (start -0.8 -0.4) (end 0.8 -0.4) (layer F.Fab) (width 0.1))
    (fp_line (start -0.8 0.4) (end -0.8 -0.4) (layer F.Fab) (width 0.1))
    (fp_text user %R (at 0 0) (layer F.Fab)
      (effects (font (size 0.4 0.4) (thickness 0.06)))
    )
    (pad 2 smd roundrect (at 0.875 0) (size 1.05 0.95) (layers F.Cu F.Paste F.Mask) (roundrect_rratio 0.25)
      (net 1 +5V))
    (pad 1 smd roundrect (at -0.875 0) (size 1.05 0.95) (layers F.Cu F.Paste F.Mask) (roundrect_rratio 0.25)
      (net 2 GND))
    (model ${KISYS3DMOD}/Capacitor_SMD.3dshapes/C_0603_1608Metric.wrl
      (at (xyz 0 0 0))
      (scale (xyz 1 1 1))
      (rotate (xyz 0 0 0))
    )
  )

  (module Capacitor_SMD:C_0603_1608Metric_Pad1.05x0.95mm_HandSolder (layer F.Cu) (tedit 5B301BBE) (tstamp 5FC23875)
    (at 188.325 101.8)
    (descr "Capacitor SMD 0603 (1608 Metric), square (rectangular) end terminal, IPC_7351 nominal with elongated pad for handsoldering. (Body size source: http://www.tortai-tech.com/upload/download/2011102023233369053.pdf), generated with kicad-footprint-generator")
    (tags "capacitor handsolder")
    (path /62401848)
    (attr smd)
    (fp_text reference C2 (at 0 -1.43) (layer F.SilkS)
      (effects (font (size 1 1) (thickness 0.15)))
    )
    (fp_text value 0.1uF (at 0 1.43) (layer F.Fab)
      (effects (font (size 1 1) (thickness 0.15)))
    )
    (fp_line (start -0.8 0.4) (end -0.8 -0.4) (layer F.Fab) (width 0.1))
    (fp_line (start -0.8 -0.4) (end 0.8 -0.4) (layer F.Fab) (width 0.1))
    (fp_line (start 0.8 -0.4) (end 0.8 0.4) (layer F.Fab) (width 0.1))
    (fp_line (start 0.8 0.4) (end -0.8 0.4) (layer F.Fab) (width 0.1))
    (fp_line (start -0.171267 -0.51) (end 0.171267 -0.51) (layer F.SilkS) (width 0.12))
    (fp_line (start -0.171267 0.51) (end 0.171267 0.51) (layer F.SilkS) (width 0.12))
    (fp_line (start -1.65 0.73) (end -1.65 -0.73) (layer F.CrtYd) (width 0.05))
    (fp_line (start -1.65 -0.73) (end 1.65 -0.73) (layer F.CrtYd) (width 0.05))
    (fp_line (start 1.65 -0.73) (end 1.65 0.73) (layer F.CrtYd) (width 0.05))
    (fp_line (start 1.65 0.73) (end -1.65 0.73) (layer F.CrtYd) (width 0.05))
    (fp_text user %R (at 0 0) (layer F.Fab)
      (effects (font (size 0.4 0.4) (thickness 0.06)))
    )
    (pad 1 smd roundrect (at -0.875 0) (size 1.05 0.95) (layers F.Cu F.Paste F.Mask) (roundrect_rratio 0.25)
      (net 2 GND))
    (pad 2 smd roundrect (at 0.875 0) (size 1.05 0.95) (layers F.Cu F.Paste F.Mask) (roundrect_rratio 0.25)
      (net 1 +5V))
    (model ${KISYS3DMOD}/Capacitor_SMD.3dshapes/C_0603_1608Metric.wrl
      (at (xyz 0 0 0))
      (scale (xyz 1 1 1))
      (rotate (xyz 0 0 0))
    )
  )

  (module Capacitor_SMD:C_0603_1608Metric_Pad1.05x0.95mm_HandSolder (layer F.Cu) (tedit 5B301BBE) (tstamp 5FC238A5)
    (at 159.975 101.8)
    (descr "Capacitor SMD 0603 (1608 Metric), square (rectangular) end terminal, IPC_7351 nominal with elongated pad for handsoldering. (Body size source: http://www.tortai-tech.com/upload/download/2011102023233369053.pdf), generated with kicad-footprint-generator")
    (tags "capacitor handsolder")
    (path /6244A179)
    (attr smd)
    (fp_text reference C3 (at 0 -1.43) (layer F.SilkS)
      (effects (font (size 1 1) (thickness 0.15)))
    )
    (fp_text value 0.1uF (at 0 1.43) (layer F.Fab)
      (effects (font (size 1 1) (thickness 0.15)))
    )
    (fp_line (start -0.8 0.4) (end -0.8 -0.4) (layer F.Fab) (width 0.1))
    (fp_line (start -0.8 -0.4) (end 0.8 -0.4) (layer F.Fab) (width 0.1))
    (fp_line (start 0.8 -0.4) (end 0.8 0.4) (layer F.Fab) (width 0.1))
    (fp_line (start 0.8 0.4) (end -0.8 0.4) (layer F.Fab) (width 0.1))
    (fp_line (start -0.171267 -0.51) (end 0.171267 -0.51) (layer F.SilkS) (width 0.12))
    (fp_line (start -0.171267 0.51) (end 0.171267 0.51) (layer F.SilkS) (width 0.12))
    (fp_line (start -1.65 0.73) (end -1.65 -0.73) (layer F.CrtYd) (width 0.05))
    (fp_line (start -1.65 -0.73) (end 1.65 -0.73) (layer F.CrtYd) (width 0.05))
    (fp_line (start 1.65 -0.73) (end 1.65 0.73) (layer F.CrtYd) (width 0.05))
    (fp_line (start 1.65 0.73) (end -1.65 0.73) (layer F.CrtYd) (width 0.05))
    (fp_text user %R (at 0 0) (layer F.Fab)
      (effects (font (size 0.4 0.4) (thickness 0.06)))
    )
    (pad 1 smd roundrect (at -0.875 0) (size 1.05 0.95) (layers F.Cu F.Paste F.Mask) (roundrect_rratio 0.25)
      (net 2 GND))
    (pad 2 smd roundrect (at 0.875 0) (size 1.05 0.95) (layers F.Cu F.Paste F.Mask) (roundrect_rratio 0.25)
      (net 1 +5V))
    (model ${KISYS3DMOD}/Capacitor_SMD.3dshapes/C_0603_1608Metric.wrl
      (at (xyz 0 0 0))
      (scale (xyz 1 1 1))
      (rotate (xyz 0 0 0))
    )
  )

  (module Capacitor_SMD:C_0603_1608Metric_Pad1.05x0.95mm_HandSolder (layer F.Cu) (tedit 5B301BBE) (tstamp 5FC23731)
    (at 159.98 84.8)
    (descr "Capacitor SMD 0603 (1608 Metric), square (rectangular) end terminal, IPC_7351 nominal with elongated pad for handsoldering. (Body size source: http://www.tortai-tech.com/upload/download/2011102023233369053.pdf), generated with kicad-footprint-generator")
    (tags "capacitor handsolder")
    (path /624928AC)
    (attr smd)
    (fp_text reference C4 (at 0 -1.43) (layer F.SilkS)
      (effects (font (size 1 1) (thickness 0.15)))
    )
    (fp_text value 0.1uF (at 0 1.43) (layer F.Fab)
      (effects (font (size 1 1) (thickness 0.15)))
    )
    (fp_line (start 1.65 0.73) (end -1.65 0.73) (layer F.CrtYd) (width 0.05))
    (fp_line (start 1.65 -0.73) (end 1.65 0.73) (layer F.CrtYd) (width 0.05))
    (fp_line (start -1.65 -0.73) (end 1.65 -0.73) (layer F.CrtYd) (width 0.05))
    (fp_line (start -1.65 0.73) (end -1.65 -0.73) (layer F.CrtYd) (width 0.05))
    (fp_line (start -0.171267 0.51) (end 0.171267 0.51) (layer F.SilkS) (width 0.12))
    (fp_line (start -0.171267 -0.51) (end 0.171267 -0.51) (layer F.SilkS) (width 0.12))
    (fp_line (start 0.8 0.4) (end -0.8 0.4) (layer F.Fab) (width 0.1))
    (fp_line (start 0.8 -0.4) (end 0.8 0.4) (layer F.Fab) (width 0.1))
    (fp_line (start -0.8 -0.4) (end 0.8 -0.4) (layer F.Fab) (width 0.1))
    (fp_line (start -0.8 0.4) (end -0.8 -0.4) (layer F.Fab) (width 0.1))
    (fp_text user %R (at 0 0) (layer F.Fab)
      (effects (font (size 0.4 0.4) (thickness 0.06)))
    )
    (pad 2 smd roundrect (at 0.875 0) (size 1.05 0.95) (layers F.Cu F.Paste F.Mask) (roundrect_rratio 0.25)
      (net 1 +5V))
    (pad 1 smd roundrect (at -0.875 0) (size 1.05 0.95) (layers F.Cu F.Paste F.Mask) (roundrect_rratio 0.25)
      (net 2 GND))
    (model ${KISYS3DMOD}/Capacitor_SMD.3dshapes/C_0603_1608Metric.wrl
      (at (xyz 0 0 0))
      (scale (xyz 1 1 1))
      (rotate (xyz 0 0 0))
    )
  )

  (module Capacitor_SMD:C_0603_1608Metric_Pad1.05x0.95mm_HandSolder (layer F.Cu) (tedit 5B301BBE) (tstamp 5FC2395F)
    (at 131.125 101.8)
    (descr "Capacitor SMD 0603 (1608 Metric), square (rectangular) end terminal, IPC_7351 nominal with elongated pad for handsoldering. (Body size source: http://www.tortai-tech.com/upload/download/2011102023233369053.pdf), generated with kicad-footprint-generator")
    (tags "capacitor handsolder")
    (path /625B73B6)
    (attr smd)
    (fp_text reference C5 (at 0 -1.43) (layer F.SilkS)
      (effects (font (size 1 1) (thickness 0.15)))
    )
    (fp_text value 0.1uF (at 0 1.43) (layer F.Fab)
      (effects (font (size 1 1) (thickness 0.15)))
    )
    (fp_line (start -0.8 0.4) (end -0.8 -0.4) (layer F.Fab) (width 0.1))
    (fp_line (start -0.8 -0.4) (end 0.8 -0.4) (layer F.Fab) (width 0.1))
    (fp_line (start 0.8 -0.4) (end 0.8 0.4) (layer F.Fab) (width 0.1))
    (fp_line (start 0.8 0.4) (end -0.8 0.4) (layer F.Fab) (width 0.1))
    (fp_line (start -0.171267 -0.51) (end 0.171267 -0.51) (layer F.SilkS) (width 0.12))
    (fp_line (start -0.171267 0.51) (end 0.171267 0.51) (layer F.SilkS) (width 0.12))
    (fp_line (start -1.65 0.73) (end -1.65 -0.73) (layer F.CrtYd) (width 0.05))
    (fp_line (start -1.65 -0.73) (end 1.65 -0.73) (layer F.CrtYd) (width 0.05))
    (fp_line (start 1.65 -0.73) (end 1.65 0.73) (layer F.CrtYd) (width 0.05))
    (fp_line (start 1.65 0.73) (end -1.65 0.73) (layer F.CrtYd) (width 0.05))
    (fp_text user %R (at 0 0) (layer F.Fab)
      (effects (font (size 0.4 0.4) (thickness 0.06)))
    )
    (pad 1 smd roundrect (at -0.875 0) (size 1.05 0.95) (layers F.Cu F.Paste F.Mask) (roundrect_rratio 0.25)
      (net 2 GND))
    (pad 2 smd roundrect (at 0.875 0) (size 1.05 0.95) (layers F.Cu F.Paste F.Mask) (roundrect_rratio 0.25)
      (net 1 +5V))
    (model ${KISYS3DMOD}/Capacitor_SMD.3dshapes/C_0603_1608Metric.wrl
      (at (xyz 0 0 0))
      (scale (xyz 1 1 1))
      (rotate (xyz 0 0 0))
    )
  )

  (module Capacitor_SMD:C_0603_1608Metric_Pad1.05x0.95mm_HandSolder (layer F.Cu) (tedit 5B301BBE) (tstamp 5FC23845)
    (at 131.125 84.8)
    (descr "Capacitor SMD 0603 (1608 Metric), square (rectangular) end terminal, IPC_7351 nominal with elongated pad for handsoldering. (Body size source: http://www.tortai-tech.com/upload/download/2011102023233369053.pdf), generated with kicad-footprint-generator")
    (tags "capacitor handsolder")
    (path /625B73C1)
    (attr smd)
    (fp_text reference C6 (at 0 -1.43) (layer F.SilkS)
      (effects (font (size 1 1) (thickness 0.15)))
    )
    (fp_text value 0.1uF (at 0 1.43) (layer F.Fab)
      (effects (font (size 1 1) (thickness 0.15)))
    )
    (fp_line (start 1.65 0.73) (end -1.65 0.73) (layer F.CrtYd) (width 0.05))
    (fp_line (start 1.65 -0.73) (end 1.65 0.73) (layer F.CrtYd) (width 0.05))
    (fp_line (start -1.65 -0.73) (end 1.65 -0.73) (layer F.CrtYd) (width 0.05))
    (fp_line (start -1.65 0.73) (end -1.65 -0.73) (layer F.CrtYd) (width 0.05))
    (fp_line (start -0.171267 0.51) (end 0.171267 0.51) (layer F.SilkS) (width 0.12))
    (fp_line (start -0.171267 -0.51) (end 0.171267 -0.51) (layer F.SilkS) (width 0.12))
    (fp_line (start 0.8 0.4) (end -0.8 0.4) (layer F.Fab) (width 0.1))
    (fp_line (start 0.8 -0.4) (end 0.8 0.4) (layer F.Fab) (width 0.1))
    (fp_line (start -0.8 -0.4) (end 0.8 -0.4) (layer F.Fab) (width 0.1))
    (fp_line (start -0.8 0.4) (end -0.8 -0.4) (layer F.Fab) (width 0.1))
    (fp_text user %R (at 0 0) (layer F.Fab)
      (effects (font (size 0.4 0.4) (thickness 0.06)))
    )
    (pad 2 smd roundrect (at 0.875 0) (size 1.05 0.95) (layers F.Cu F.Paste F.Mask) (roundrect_rratio 0.25)
      (net 1 +5V))
    (pad 1 smd roundrect (at -0.875 0) (size 1.05 0.95) (layers F.Cu F.Paste F.Mask) (roundrect_rratio 0.25)
      (net 2 GND))
    (model ${KISYS3DMOD}/Capacitor_SMD.3dshapes/C_0603_1608Metric.wrl
      (at (xyz 0 0 0))
      (scale (xyz 1 1 1))
      (rotate (xyz 0 0 0))
    )
  )

  (module Capacitor_SMD:C_0603_1608Metric_Pad1.05x0.95mm_HandSolder (layer F.Cu) (tedit 5B301BBE) (tstamp 5FC2398F)
    (at 102.6 101.8)
    (descr "Capacitor SMD 0603 (1608 Metric), square (rectangular) end terminal, IPC_7351 nominal with elongated pad for handsoldering. (Body size source: http://www.tortai-tech.com/upload/download/2011102023233369053.pdf), generated with kicad-footprint-generator")
    (tags "capacitor handsolder")
    (path /625B73CC)
    (attr smd)
    (fp_text reference C7 (at 0 -1.43) (layer F.SilkS)
      (effects (font (size 1 1) (thickness 0.15)))
    )
    (fp_text value 0.1uF (at 0 1.43) (layer F.Fab)
      (effects (font (size 1 1) (thickness 0.15)))
    )
    (fp_line (start -0.8 0.4) (end -0.8 -0.4) (layer F.Fab) (width 0.1))
    (fp_line (start -0.8 -0.4) (end 0.8 -0.4) (layer F.Fab) (width 0.1))
    (fp_line (start 0.8 -0.4) (end 0.8 0.4) (layer F.Fab) (width 0.1))
    (fp_line (start 0.8 0.4) (end -0.8 0.4) (layer F.Fab) (width 0.1))
    (fp_line (start -0.171267 -0.51) (end 0.171267 -0.51) (layer F.SilkS) (width 0.12))
    (fp_line (start -0.171267 0.51) (end 0.171267 0.51) (layer F.SilkS) (width 0.12))
    (fp_line (start -1.65 0.73) (end -1.65 -0.73) (layer F.CrtYd) (width 0.05))
    (fp_line (start -1.65 -0.73) (end 1.65 -0.73) (layer F.CrtYd) (width 0.05))
    (fp_line (start 1.65 -0.73) (end 1.65 0.73) (layer F.CrtYd) (width 0.05))
    (fp_line (start 1.65 0.73) (end -1.65 0.73) (layer F.CrtYd) (width 0.05))
    (fp_text user %R (at 0 0) (layer F.Fab)
      (effects (font (size 0.4 0.4) (thickness 0.06)))
    )
    (pad 1 smd roundrect (at -0.875 0) (size 1.05 0.95) (layers F.Cu F.Paste F.Mask) (roundrect_rratio 0.25)
      (net 2 GND))
    (pad 2 smd roundrect (at 0.875 0) (size 1.05 0.95) (layers F.Cu F.Paste F.Mask) (roundrect_rratio 0.25)
      (net 1 +5V))
    (model ${KISYS3DMOD}/Capacitor_SMD.3dshapes/C_0603_1608Metric.wrl
      (at (xyz 0 0 0))
      (scale (xyz 1 1 1))
      (rotate (xyz 0 0 0))
    )
  )

  (module Capacitor_SMD:C_0603_1608Metric_Pad1.05x0.95mm_HandSolder (layer F.Cu) (tedit 5B301BBE) (tstamp 5FC23701)
    (at 102.6 84.8)
    (descr "Capacitor SMD 0603 (1608 Metric), square (rectangular) end terminal, IPC_7351 nominal with elongated pad for handsoldering. (Body size source: http://www.tortai-tech.com/upload/download/2011102023233369053.pdf), generated with kicad-footprint-generator")
    (tags "capacitor handsolder")
    (path /625B73D7)
    (attr smd)
    (fp_text reference C8 (at 0.9 -1.43) (layer F.SilkS)
      (effects (font (size 1 1) (thickness 0.15)))
    )
    (fp_text value 0.1uF (at 0 1.43) (layer F.Fab)
      (effects (font (size 1 1) (thickness 0.15)))
    )
    (fp_line (start -0.8 0.4) (end -0.8 -0.4) (layer F.Fab) (width 0.1))
    (fp_line (start -0.8 -0.4) (end 0.8 -0.4) (layer F.Fab) (width 0.1))
    (fp_line (start 0.8 -0.4) (end 0.8 0.4) (layer F.Fab) (width 0.1))
    (fp_line (start 0.8 0.4) (end -0.8 0.4) (layer F.Fab) (width 0.1))
    (fp_line (start -0.171267 -0.51) (end 0.171267 -0.51) (layer F.SilkS) (width 0.12))
    (fp_line (start -0.171267 0.51) (end 0.171267 0.51) (layer F.SilkS) (width 0.12))
    (fp_line (start -1.65 0.73) (end -1.65 -0.73) (layer F.CrtYd) (width 0.05))
    (fp_line (start -1.65 -0.73) (end 1.65 -0.73) (layer F.CrtYd) (width 0.05))
    (fp_line (start 1.65 -0.73) (end 1.65 0.73) (layer F.CrtYd) (width 0.05))
    (fp_line (start 1.65 0.73) (end -1.65 0.73) (layer F.CrtYd) (width 0.05))
    (fp_text user %R (at 0 0) (layer F.Fab)
      (effects (font (size 0.4 0.4) (thickness 0.06)))
    )
    (pad 1 smd roundrect (at -0.875 0) (size 1.05 0.95) (layers F.Cu F.Paste F.Mask) (roundrect_rratio 0.25)
      (net 2 GND))
    (pad 2 smd roundrect (at 0.875 0) (size 1.05 0.95) (layers F.Cu F.Paste F.Mask) (roundrect_rratio 0.25)
      (net 1 +5V))
    (model ${KISYS3DMOD}/Capacitor_SMD.3dshapes/C_0603_1608Metric.wrl
      (at (xyz 0 0 0))
      (scale (xyz 1 1 1))
      (rotate (xyz 0 0 0))
    )
  )

  (module Capacitor_SMD:C_0603_1608Metric_Pad1.05x0.95mm_HandSolder (layer F.Cu) (tedit 5B301BBE) (tstamp 5FC236A1)
    (at 119.1 68.55 180)
    (descr "Capacitor SMD 0603 (1608 Metric), square (rectangular) end terminal, IPC_7351 nominal with elongated pad for handsoldering. (Body size source: http://www.tortai-tech.com/upload/download/2011102023233369053.pdf), generated with kicad-footprint-generator")
    (tags "capacitor handsolder")
    (path /626012D8)
    (attr smd)
    (fp_text reference C9 (at 0 1.4) (layer F.SilkS)
      (effects (font (size 1 1) (thickness 0.15)))
    )
    (fp_text value 0.1uF (at 0 -1.45) (layer F.Fab)
      (effects (font (size 1 1) (thickness 0.15)))
    )
    (fp_line (start 1.65 0.73) (end -1.65 0.73) (layer F.CrtYd) (width 0.05))
    (fp_line (start 1.65 -0.73) (end 1.65 0.73) (layer F.CrtYd) (width 0.05))
    (fp_line (start -1.65 -0.73) (end 1.65 -0.73) (layer F.CrtYd) (width 0.05))
    (fp_line (start -1.65 0.73) (end -1.65 -0.73) (layer F.CrtYd) (width 0.05))
    (fp_line (start -0.171267 0.51) (end 0.171267 0.51) (layer F.SilkS) (width 0.12))
    (fp_line (start -0.171267 -0.51) (end 0.171267 -0.51) (layer F.SilkS) (width 0.12))
